0,1,2,3,4,5,6,7,8,9,10,11,12,13,14,15,16,17,18,19,20,21,22,23,24,25,26,27,28,29,30,31,32,33,34,35,36,37,38,39,40,41,42,43,44,45,46,47,48,49,50,51,52,53,54,55,56,57,58,59,60,61,62,63,64,65,66,67,68,69,70,71,72,73,74,75,76,77,78,79,80,81,82,83,84,85,86,87,88,89,90,91,92,93,94,95,96,97,98,99,100,101,102,103,104,105,106,107,108,109,110,111,112,113,114,115,116,117,118,119,120,121,122,123,124,125,126,127,128,129,130,131,132,133,134,135,136,137,138,139,140,141,142,143,144,145,146,147,148,149,150,151,152,153,154,155,156,157,158,159,160,161,162,163,164,165,166,167,168,169,170,171,172,173,174,175,176,177,178,179,180,181,182,183,184,185,186,187,188,189,190,191,192,193,194,195,196,197,198,199,200,201,202,203,204,205,206,207,208,209,210,211,212,213,214,215,216,217,218,219,220,221,222,223,224,225,226,227,228,229,230,231,232,233,234,235,236,237,238,239,240,241,242,243,244,245,246,247,248,249,250,251,252,253,254,255,256,257,258,259,260,261,262,263,264,265,266,267,268,269,270,271,272,273,274,275,276,277,278,279,280,281,282,283,284,285,286,287,288,289,290,291,292,293,294,295,296,297,298,299,300,301,302,303,304,305,306,307,308,309,310,311,312,313,314,315,316,317,318,319,320,321,322,323,324,325,326,327,328,329,330,331,332,333,334,335,336,337,338,339,340,341,342,343,344,345,346,347,348,349,350,351,352,353,354,355,356,357,358,359,360,361,362,363,364,365,366,367,368,369,370,371,372,373,374,375,376,377,378,379,380,381,382,383,384,385,386,387,388,389,390,391,392,393,394,395,396,397,398,399,400,401,402,403,404,405,406,407,408,409,410,411,412,413,414,415,416,417,418,419,420,421,422,423,424,425,426,427,428,429,430,431,432,433,434,435,436,437,438,439,440,441,442,443,444,445,446,447,448,449,450,451,452,453,454,455,456,457,458,459,460,461,462,463,464,465,466,467,468,469,470,471,472,473,474,475,476,477,478,479,480,481,482,483,484,485,486,487,488,489,490,491,492,493,494,495,496,497,498,499,500,501,502,503,504,505,506,507,508,509,510,511,512,513,514,515,516,517,518,519,520,521,522,523,524,525,526,527,528,529,530,531,532,533,534,535,536,537,538,539,540,541,542,543,544,545,546,547,548,549,550,551,552,553,554,555,556,557,558,559,560,561,562,563,564,565,566,567,568,569,570,571,572,573,574,575,576,577,578,579,580,581,582,583,584,585,586,587,588,589,590,591,592,593,594,595,596,597,598,599,600,601,602,603,604,605,606,607,608,609,610,611,612,613,614,615,616,617,618,619,620,621,622,623,624,625,626,627,628,629,630,631,632,633,634,635,636,637,638,639,640,641,642,643,644,645,646,647,648,649,650,651,652,653,654,655,656,657,658,659,660,661,662,663,664,665,666,667,668,669,670,671,672,673,674,675,676,677,678,679,680,681,682,683,684,685,686,687,688,689,690,691,692,693,694,695,696,697,698,699,700,701,702,703,704,705,706,707,708,709,710,711,712,713,714,715,716,717,718,719,720,721,722,723,724,725,726,727,728,729,730,731,732,733,734,735,736,737,738,739,740,741,742,743,744,745,746,747,748,749,750,751,752,753,754,755,756,757,758,759,760,761,762,763,764,765,766,767,768,769,770,771,772,773,774,775,776,777,778,779,780,781,782,783,784,785,786,787,788,789,790,791,792,793,794,795,796,797,798,799,800,801,802,803,804,805,806,807,808,809,810,811,812,813,814,815,816,817,818,819,820,821,822,823,824,825,826,827,828,829,830,831,832,833,834,835,836,837,838,839,840,841,842,843,844,845,846,847,848,849,850,851,852,853,854,855,856,857,858,859,860,861,862,863,864,865,866,867,868,869,870,871,872,873,874,875,876,877,878,879,880,881,882,883,884,885,886,887,888,889,890,891,892,893,894,895,896,897,898,899,900,901,902,903,904,905,906,907,908,909,910,911,912,913,914,915,916,917,918,919,920,921,922,923,924,925,926,927,928,929,930,931,932,933,934,935,936,937,938,939,940,941,942,943,944,945,946,947,948,949,950,951,952,953,954,955,956,957,958,959,960,961,962,963,964,965,966,967,968,969,970,971,972,973,974,975,976,977,978,979,980,981,982,983,984,985,986,987,988,989,990,991,992,993,994,995,996,997,998,999
-0.0048506437,-0.01161589,0.05988546,-0.18951055,0.013891384,0.018555606,-0.022663103,-0.012911192,0.025523936,-0.00034504547,-0.062356085,0.0065788156,0.03759658,0.17603768,-0.051634952,0.11298558,-0.025751488,0.005792394,0.1604707,-0.09225879,0.018592864,0.038087495,0.035795208,-0.138338,-0.31675035,-0.019626528,0.10955767,-0.17959502,-0.11641041,-0.07022571,-0.01118454,0.01661652,0.016604174,0.0702394,-0.058488704,0.08339406,-0.057895023,0.10728602,-0.21972606,-0.14823306,-0.5116086,0.0718264,-0.2371128,0.16880988,-0.047908418,-0.4008062,-0.05447069,0.09264636,-0.500716,0.014788656,-0.09687255,-0.8880883,-0.037553012,0.059902504,-0.043082632,0.018803788,-0.0758088,-0.117381446,0.0718513,0.0515521,-0.06425035,-0.17304067,0.19035283,-0.034830287,-0.038588922,-0.14388691,0.050062936,-0.06803148,0.11588744,0.14959617,0.100001425,-0.083896875,0.032737654,-0.27035293,-0.8631698,-0.028275408,0.02888542,-0.283975,-0.10398769,-0.19352911,0.12995535,-0.26269227,-0.7196399,-0.19169569,-0.13214199,-0.15956415,0.004451004,0.058212753,0.025553616,0.044351522,-0.49353093,0.032539804,-0.1313984,-0.010329199,0.12914291,-0.09647712,0.14066042,0.19687036,0.07955727,-0.105656855,-0.06202621,-0.04066263,-0.5152384,-0.015383973,0.14245886,0.0722603,0.00070379383,-0.35568085,0.16575392,0.11817133,0.09489076,-0.07998822,-0.0161471,0.050887488,-0.92060053,0.033959676,0.07213698,0.02713129,0.0983105,-0.31771743,0.13234495,0.14219634,0.035178732,-0.12754966,-0.02983506,0.07040635,-0.113885716,-0.17781469,0.12077402,-0.083342336,-0.11333163,-0.33426535,-0.114530444,-0.045755476,-0.34549314,0.09216723,0.040796638,-0.21095471,0.1721981,-0.005864248,-0.5102009,-0.040150385,-0.08151008,0.064366795,-0.043091718,-0.32369792,-0.3748846,-0.083253324,-0.05447069,-0.0035021268,0.029194333,0.08970613,-0.21336173,-0.1325095,-0.005159516,-0.11953199,-0.74447566,0.11752486,-0.00654502,-0.58668464,0.04201701,-0.33132026,-0.5185048,0.10456255,-1.986547,0.048229426,0.015409075,-0.17055352,-0.110477075,0.09803234,0.015131274,0.02742029,-0.003108649,0.07290385,0.1305924,0.011252365,0.07018075,-0.030039521,0.1207244,0.0326301,0.024008699,-0.18477908,0.111451134,0.017748747,-0.1325095,0.065208234,-0.15391164,-0.013311854,-0.24070409,-0.06170526,-0.15903546,0.026820486,0.03240137,-0.6492014,-0.15699501,-0.52008164,0.06616323,0.10580738,-0.0743719,-0.09585122,0.10795449,-1.1459022,-0.18997608,0.07736849,0.030537207,0.082301565,0.13742663,0.021489765,-0.037624437,-0.072423264,0.13873126,-0.18716678,0.13452396,-0.0007090764,0.08202081,-0.08289862,-1.294382,0.04263468,0.044235244,0.058739383,-0.023562375,-0.044692494,-0.0005241601,-0.009950153,0.086633936,0.10165385,-0.19007443,0.016210746,-0.3732601,0.06839475,0.0023190454,-0.4343884,-0.012165628,-0.43088043,-1.0674976,0.082301565,0.04708953,-0.22835237,-0.07370258,-0.031855945,-0.18988793,0.19442971,-0.83893055,-0.030943006,-0.0294414,-0.52674806,-0.26102868,0.22941943,0.09261165,-0.43770447,-0.055716045,-0.09663525,0.075165644,0.108700395,-0.11384485,-0.30069327,-0.6504428,-0.019151585,-0.21336173,-0.05209879,0.019510366,-0.5902599,-0.10047411,0.058966737,-0.80162746,-0.16152456,-0.014615344,-0.09122973,-0.6057709,0.008214292,0.09013,0.0424776,0.12220381,0.14627685,-0.21633503,-0.90204597,-0.7915443,0.22108735,0.1604707,-0.09967443,-0.02777848,-0.13096052,-0.10831417,0.15234202,-0.10864113,0.019987796,0.10728311,0.0993207,-0.02013419,-0.28101304,-0.3727191,-0.20134608,0.17328826,-0.46361962,0.0021144568,0.09318099,-0.40816745,-0.1639649,-0.24077694,0.16823685,0.055046275,0.047749646,-0.22173768,0.10083423,-0.017569933,0.17227143,-0.0743719,-0.5224316,-0.01635347,-0.10899832,-0.0294414,-0.11597932,0.075863026,-0.24110925,-0.04097578,0.019053023,-1.0880147,-0.9476423,0.005792394,0.06703017,0.10051603,-0.11407091,0.1067359,-0.019974679,0.1706194,0.02119529,-0.28439322,0.039198883,-0.24412224,0.13697883,-0.34080774,-0.2672382,0.18171938,-0.097436324,0.10467519,-0.56429803,-0.11071707,0.12002931,-0.06597844,-0.58589095,0.09806687,0.15845625,-0.105778806,-0.0011631253,-0.0741915,-0.079159044,0.08131004,0.1067685,-0.5926655,0.17470787,-0.71044,-0.103545785,-0.13482796,-0.19571055,0.10439107,-0.116387874,-0.025651626,0.14030872,-0.09805306,-0.08874855,0.080275364,0.00669688,0.11393876,-0.2188778,0.05044059,-0.07671129,0.08092079,-0.2180119,0.02845414,-1.2785869,-0.036629662,0.12985927,-0.10741087,0.020288931,-0.35428637,0.18260583,0.181662,-0.039656006,0.017710935,-0.017125927,-0.03981939,0.002446981,0.14016913,-0.011345702,-0.06653742,0.036065098,-0.70238906,0.004241702,-0.1065156,0.086532086,0.23403847,-0.070433274,-0.10864113,-0.52674806,0.1281052,-1.0345725,-0.00365271,-0.04094156,-0.08289862,-0.6426161,0.044510826,0.013296901,-0.014232015,0.087361276,-0.58589095,0.094084755,0.06069639,-1.0350517,0.06146449,-0.2487812,-0.37445366,-0.72221464,-0.18392846,0.2508413,0.13340454,0.09595932,-0.093809575,-0.19472085,0.1524472,-0.14565328,0.04104818,0.0005224214,-0.045438893,-0.6419124,0.13923782,0.10717356,0.13766551,0.047749646,0.027957201,-0.050828718,-0.6059303,-0.04954951,0.033826463,-0.042465393,-0.482707,0.14032947,0.00027973298,0.10756594,-0.0085525345,0.034113117,0.107288614,-0.09577736,0.18011916,-0.048798043,0.12377422,0.05606706,-0.52331567,-0.00022595283,-0.16422483,-0.21534921,0.03382299,0.029416967,-0.23400693,-0.17492099,0.0073211947,-0.26018906,0.13960853,-0.038753428,0.101168446,0.016377404,0.012833337,0.035821274,-0.0031125941,0.16855797,-0.07065142,0.022514928,-0.007871167,0.0731914,-0.17870294,0.008619376,-0.15234803,0.024089292,0.025589436,0.06629596,-0.03595537,0.006931334,-0.11599912,0.034436915,0.09677263,0.11458692,-0.41092575,-0.14091213,0.06429745,0.070976175,-0.05867125,-0.15143307,0.20263477,0.08236868,-0.014695786,-0.034352154,-0.10311163,0.05080001,0.031375594,0.04053529,-0.1119756,-0.12538528,-0.41596052,-0.04313065,-0.43343696,0.0664285,-0.11235031,-0.44734097,-0.6547635,-0.0713395,0.11335855,-0.051285647,0.21893999,-0.11843808,-0.5052867,-0.25393876,-0.045395292,-0.014695786,0.015228435,0.08854545,0.0326301,0.06375604,-0.30520442,-0.030943006,-0.0300241,0.041864675,-0.0983826,-0.16746712,-0.06286296,0.05227779,-0.16596264,-0.500716,0.022658192,0.11135133,-0.0741346,0.020038191,0.048131786,-0.14406842,0.034849063,-0.08476142,-0.16733807,-0.048266497,0.05898724,-0.46886536,0.08220343,-0.28725547,0.1480144,0.1521794,-0.033156868,0.07621028,-0.0037590193,-0.16776603,0.087919064,0.07303818,0.097729236,0.07680705,0.04025509,-0.018468745,-0.37382868,-0.4827371,0.075209424,0.08492141,-0.05972782,-0.41859305,-0.071610875,0.0983105,0.16448353,0.0625696,-1.0890177,-0.018789874,-0.17035268,-0.15771304,0.015228435,0.17220686,0.14420557,-0.14019343,-0.1568855,0.06136115,-0.26200297,0.0033776436,-0.0140941935,-0.018766556,0.13917306,-0.77427495,-0.83225214,-0.04527812,-0.009947966,0.11780645,-0.060113557,0.035178732,-0.5763152,0.18282531,-1.0605834,0.047749646,0.0024614562,-0.043521382,-0.0059051374,-0.07293118,-0.18100157,0.08248618,0.029718338,0.15100254,-0.5374608,-0.02582328,0.12066063,0.047107764,-0.09389929,-0.15455669,-0.15501495,0.1532916,-0.008545484,-0.083253324,-0.33553168,-0.011478466,0.110150665,0.022521045,-0.4602082,0.041856516,-0.897782,-0.2355993,-0.12731735,-0.02001014,0.13917306,-0.092183925,-0.2931447,0.09667896,0.12443614,0.18488859,-0.5388974,0.0023190454,0.0176243,-0.049086202,-0.11251488,-0.12609208,0.059396222,0.096584715,-0.06514165,-0.0051226094,-0.024273971,-0.10305394,-0.2716729,-0.7659006,-0.06447141,0.09590964,0.11378855,0.05809831,-0.15406336,-0.4454703,-0.37334016,-0.1457733,0.26626915,-0.011010286,0.12497363,-0.061231673,-0.08229072,-0.17827283,-0.08124624,0.20147088,-0.50105184,0.007913688,0.07133001,0.12902278,-0.40445253,0.11086288,-0.43143603,0.053707473,-0.4910466,-0.18392082,-0.2010264,-0.15531947,-0.2785878,-0.059604473,0.044262085,0.10667707,-0.25137588,0.0983105,-0.5697189,-0.038753428,-0.19296542,-0.0741346,-0.14019343,-0.30445912,-0.020882562,0.06774259,-0.07777507,0.03281938,-0.1499148,-0.2404873,0.06452983,0.021016743,-0.08476142,0.108798616,0.075036526,-0.63784546,0.013637158,0.025052564,0.09131021,-0.19571055,0.14951357,-0.035822622,-0.12538041,0.01172076,-0.020061154,-0.4158288,-0.035769325,0.038153227,-0.058963895,-0.055224586,-0.30328104,-0.24196449,-0.009152542,-0.30474958,-0.110646605,0.11285864,0.052524813,-0.118197925,-0.0132042095,-0.10381685,-0.09256249,-0.019775413,-0.52726007,-0.020897038,0.268731,0.2521503,0.03759658,0.046437856,0.09269062,-0.019151922,0.1181208,-0.008708826,0.035231773,-0.5975338,0.16856207,-0.17828287,-0.008708826,-0.85429496,0.02355462,-0.6691395,-0.7057149,-0.15116954,0.04102065,-0.16040528,-0.18131061,-0.050655205,0.014483248,-0.02667191,-0.17787093,-0.33468816,-0.08932053,-0.34910035,-0.01512334,0.028794648,-0.04857261,-0.06349596,-0.11708566,-0.039498866,0.061942462,-0.17154832,-0.0059372904,-0.050137542,-0.15497768,0.016550522,-0.4470465,0.07554918,-0.28131405,-0.0067243474,0.08253407,0.10772888,-0.27176702,0.07104804,0.021883309,-0.112297446,0.022301769,0.11676212,-0.029144397,-0.13838306,-0.18392082,-0.15978706,-0.10741087,-0.071281254,-0.11145027,0.120407425,0.034736585,0.05189345,-0.9754937,-0.21238944,0.020454297,-0.09256132,-0.032208305,-0.897782,-0.17959712,-0.17636459,-0.16848803,0.02982105,-0.023626683,0.0895361,0.080855645,-0.1296829,-0.018812988,-0.56534266,-0.7589677,0.09435919,0.15931733,0.093790494,0.1592771,-1.0132413,0.035154536,0.095202744,-0.047078207,0.0896896,-0.15374206,0.08671714,-0.3465961,-0.028644249,0.12066063,0.12911671,-0.072341286,0.007857384,0.03759658,0.18590905,0.061942462,-0.86052054,-0.88106763,-0.046687197,-0.060113557,-0.048266497,-0.025879825,-0.51249635,0.07921014,-0.007305414,0.14897624,0.05786019,-1.4282327,0.07472116,-0.19672891,0.021001425,-0.8320199,-0.09689836,-0.80558354,-0.012201334,-0.049291752,0.06781403,-0.26898116,-0.42243052,0.05457889,-0.0051596505,-0.080091804,0.096283056,0.02377092,0.06557248,0.14016913,0.091008924,-0.046134155,-0.2404873,-0.083494306,0.058996897,-0.65489686,0.033672232,0.08128027,-0.010530755,-0.5067741,-0.031617686,0.03296909,-0.16228345,-0.534561,-0.007854849,0.03754725,-0.067892335,0.097318865,-0.17525616,-0.43220642,-0.04921106,-0.29345515,-0.0050054705,0.14631097,0.09290716,-1.4850734,0.04095187,-1.2300558,-0.33553168,-1.1904444,0.05212226,0.027942415,-0.2036447,0.049498867,-0.13272583,0.09131021,0.071776964,0.036282722,-0.21441175,-0.33991563,0.079415835,-0.08557553,0.057466283,-0.21890612,-0.2982134,-0.40445253,0.061614018,0.033165228,-0.20357597,-0.24422827,-0.4008062,-0.032454222,0.059877083,0.04428284,0.030661838,0.17079501,-0.33468816,-0.1476074,0.049160108,-0.06444944,-1.1670419,0.04581723,0.10888971,-0.017905131,-0.00025991048,-0.08759142,-0.007163974,-0.108214684,-0.016139662,-0.75691485,0.11817133,0.021921324,-0.6974112,0.1406193,-0.019621516,0.08906813,-0.021624211,-0.02128338,-0.16413713,0.008805329,0.1181208,0.1105482,0.038302004,0.10619883,-0.3669373,-0.095596924,-0.20269305,-0.045604356,-0.012812245,-0.010175925,-0.1454516,0.040778574,0.015894452,-0.1960958,-0.21626088,-0.2356485,-0.17158642,-0.05271502,0.028857566,0.026485065,-0.057712983,0.06598387,-0.026268676,0.032069623,-0.9280482,-0.23747572,-0.24010251,-0.04089144,0.15800321,-0.059981003,0.048570134,-0.07129984,-1.021373,-0.0031722186,-0.05257662,0.014474252,0.108094566,0.005697146,-1.2836974,0.0024730987,-0.50389886,0.014104435,0.017092533,-0.19746937,-0.17072335,-0.9100981,-0.535599,-0.7418462,-0.8752836,-0.17777637,0.012367684,-0.034140125,-0.049291752,0.17549536,0.049265392,0.048208393,-0.10305394,0.057837997,0.053003617,-0.17164478,-0.012008781,0.034065265,-0.054643072,-0.006946373,-0.024772432,-0.068441905,0.032731436,-0.12247858,0.070841976,0.06172373,0.0666675,0.063103475,-0.015801545,0.13025214,0.10523661
0.39282805,0.04120792,0.34374475,0.41078228,0.3781802,0.42116943,0.3162282,0.03276625,0.34547144,0.28613436,0.3813673,0.16981044,0.15498102,0.2542727,0.4905147,0.26507968,0.19261342,0.13253778,0.2030864,0.06433334,0.30233014,0.22967716,0.26022887,0.26958206,0.48097682,0.18142976,0.6047908,0.24425028,0.15174861,0.44102484,0.5058239,0.20236544,0.2263271,0.38522735,0.25575164,0.20020518,0.052641917,0.6716959,0.31110322,0.37660205,0.21283394,0.32093143,0.13786338,0.36376736,0.54731387,0.4399264,0.43305555,0.24277131,0.12587978,0.30030924,0.32859662,0.17758226,0.2121537,0.28807533,0.31272915,0.0804696,0.34266856,-0.017449701,0.1838384,0.48723882,0.42293712,0.5114101,0.58063203,0.4471877,0.35355145,0.17004506,0.27491683,0.4327491,0.3147037,0.15249884,0.049256,0.7175953,0.43885893,0.22756979,0.54662883,0.19046874,0.10333078,0.42805842,0.28686574,0.27205014,0.42542696,0.5212246,0.1156042,0.035241544,0.36793,0.3502922,0.2840128,0.123991184,0.29733232,0.50740737,0.16622907,0.35074216,0.32848322,0.5635009,0.34432137,0.43062997,0.63667226,0.3913157,0.3259882,0.20051461,0.49750915,0.20848505,-0.0056880596,0.22899863,0.3291625,0.3353886,0.34114593,0.23021822,-0.0634796,0.6484944,0.13751698,0.69507337,0.17964609,0.3865719,0.04515428,0.19046679,0.13778146,0.51843524,0.30264753,-0.35384896,0.24289636,0.10278466,0.16047223,0.20936829,0.31213337,0.6599569,0.3587365,0.6010143,-0.12617932,0.28647307,0.52577096,0.21616909,0.19479565,0.471739,0.26188642,0.17547122,0.3865896,0.20651229,0.14346275,0.41557932,0.2954106,0.33973294,-0.0011319332,0.06908342,0.32013097,-0.09916479,0.6455517,0.16757534,0.43305555,0.15125617,0.454993,0.14453405,0.14918457,0.25769502,0.27190137,0.033538528,-0.024373718,0.30289212,0.5003604,0.44560987,0.3704907,0.33047616,0.19366114,0.3946849,-0.15096112,0.21309115,0.41750658,0.22909229,0.34950194,0.23016563,0.16687599,0.07587249,0.40414998,0.005857471,0.44960153,0.4817451,0.2652457,0.14430517,0.24862653,0.82798916,0.28050372,0.22808336,0.18092465,0.17100203,0.25769502,0.26775494,0.45601773,0.81446517,0.41635022,0.36606824,0.28590733,0.33304563,0.19971776,0.17631425,0.25063983,0.061886232,0.23352826,0.08783865,0.53830844,0.6338285,0.1563769,0.24543692,0.20310794,0.37311187,0.5324704,0.18733585,0.03881578,0.11117086,0.25341156,0.07108749,-0.10087436,-0.0069119725,0.23878846,0.30561364,0.2174987,0.24534544,0.073779,0.7263985,0.13285168,0.13484184,0.1591766,0.26869944,0.41819662,0.3105149,0.3596305,0.27742648,0.2793355,0.426974,-0.28836918,0.009783402,0.26872122,0.059814584,0.44158444,0.11446316,0.14587648,0.18733585,0.08906258,0.2044083,0.38873827,0.15810642,0.19671229,0.35952607,0.10362175,0.30337223,0.56798863,0.13724455,0.06481817,0.44127113,0.19996631,0.47367087,0.22178108,0.3537428,0.069154285,-0.037472196,0.18133211,0.2946103,-0.37752286,0.14758594,0.14918457,0.22484295,0.18217316,0.21025215,0.23569198,0.2764966,0.19052088,0.2586992,0.3492108,0.28689906,0.21368311,0.44139135,0.22920516,0.17509247,0.48406413,0.24621344,0.25051388,0.35243383,0.20815714,0.2454515,0.2030864,0.452113,0.28581652,0.31837788,0.39876455,0.07786531,0.24626411,0.2989955,0.28952384,0.50208724,0.25288105,0.47806484,0.29038513,0.4156961,0.45628825,-0.17533308,0.3219281,0.54869425,0.2958186,0.34304935,0.2784885,0.28068724,0.24997431,0.30038014,-0.48793346,0.27799886,0.14612342,0.28598332,0.53830844,-0.024049167,0.33985415,0.28409064,0.56798863,0.4045894,0.19717588,0.1697533,0.41252366,0.32917833,0.259812,0.108982205,0.13253778,0.2688069,0.015284441,0.18591963,0.5209865,0.62048584,0.26375684,0.29902986,0.30364951,0.2761029,0.2670585,0.28052878,0.4068868,0.18497664,0.24270585,0.08943458,0.35008243,0.10126821,0.44198847,0.2624503,0.22344898,0.060874607,0.18378812,0.2135942,0.65684223,0.6506642,0.2693764,0.19409552,0.4053543,0.41910234,-0.2788023,-0.10279946,0.119072646,0.40987793,0.12684654,0.5416141,0.1856084,0.58563036,0.12265379,0.24286276,0.33892542,0.21432722,0.23459311,0.3507948,-0.24233879,0.17775166,0.3617565,0.37067172,0.61047983,0.11343445,0.012639996,-0.30754155,0.29088435,0.28306472,0.12374412,0.26075134,-0.059577,0.27794784,0.40579563,0.46522102,0.46500242,0.28153497,0.17991462,0.62379336,0.2655193,0.32304364,0.17269571,0.3377928,0.34474593,0.2610013,0.16381063,0.20037055,0.08964492,-0.010556603,0.24626411,0.13724455,0.38492817,0.32659552,0.36622345,-0.01253483,0.24534544,0.32999042,0.14674051,0.45259616,0.19601634,0.7760915,0.060874607,0.14908701,-0.0028421814,0.023655396,0.39732212,0.3714983,0.10635418,0.2614043,0.22735687,0.119030885,0.09746998,0.6127159,0.3800415,0.36946282,0.2997674,0.49908653,0.15223804,0.6501432,0.16477837,0.22372273,0.3280511,0.21988016,0.37598634,0.30038014,0.5897532,0.47456726,0.37909293,0.31715667,0.43682152,0.4414077,0.5049818,0.06343713,0.27819055,0.31889567,0.24968949,0.24484839,0.54951787,0.31937888,0.13061063,0.20575218,0.50545806,0.26234934,0.090788536,0.6458024,0.30835456,0.33510864,0.5153431,0.20357296,0.25595298,0.8092575,0.30808553,0.3528077,0.13798463,0.3367068,0.4414441,0.5081575,0.47432545,0.25261027,0.37178805,0.18036115,0.54428464,0.2998654,0.37662378,0.39837864,0.31951806,0.3964822,0.35883734,0.32171777,0.16291296,0.22661522,0.27745786,0.2233594,0.33609465,0.3699816,0.36798933,0.16359964,0.36407372,0.5007082,0.45291543,-0.008595636,0.19575264,0.39978394,0.18608916,0.4952716,0.37332794,0.38274714,0.38518056,0.37221995,0.19521455,0.6019001,0.2612276,0.4930056,0.1982176,0.18117175,-0.16607136,-0.089085914,0.51854134,0.34217525,0.17998853,0.31396872,0.2578852,0.43479735,0.21618102,0.22118306,0.5140141,0.25374225,0.325578,0.37332794,0.11376835,0.5715049,0.82798916,0.65121067,0.41972637,0.30337223,0.5212848,0.45881534,0.6730177,0.4798283,0.12891226,0.17093568,0.5730021,0.12587978,0.31650567,0.32462007,0.4015556,0.2338065,0.4089225,0.03563091,0.6244598,0.08878418,0.4183923,0.6072822,0.4057729,0.20104013,0.1654569,0.3515203,0.12452548,0.18107569,0.5326952,0.47339627,0.27434385,0.23333508,0.160033,0.3197542,0.23189561,0.28092995,0.15723296,0.05708693,0.12528326,0.3646111,0.52663755,0.27720755,0.114784494,0.46435452,0.34327608,0.30264753,0.39232,0.52887106,0.29295033,0.3700711,0.24066581,0.34230137,0.11376835,0.2934771,0.5348395,0.20923921,0.42109877,0.5690753,0.17338881,0.6681561,0.35471532,0.34970456,0.2185908,0.22158243,0.32169843,-0.18356556,0.50535005,0.06631486,0.3904533,0.16047223,-0.15198334,0.24457213,0.0382209,0.30038014,0.3262605,0.12491009,0.39178407,0.2571034,-0.097453654,0.086277865,0.6180569,0.5631819,-0.035039004,0.25477362,0.4193128,0.22343099,0.12663993,0.28298378,0.29764476,0.20410837,0.17067042,0.16757534,0.24642397,0.25084805,0.22298348,0.45872882,-0.20649788,0.18414298,0.22488135,0.16607398,0.115109764,0.015071689,0.2185908,0.3466774,-0.0060684183,0.2979258,0.3065045,0.13095412,0.45353544,0.26872122,0.43023995,0.21372071,0.36989033,0.3558603,0.25934497,-0.0087569,0.27399266,0.22097695,0.3487682,0.22391325,0.33164346,-0.014553877,0.04184667,0.40217406,0.16990972,0.10692149,0.23665202,-0.0447404,0.57896906,-0.05336065,0.37827793,0.6352005,0.3039184,0.545097,0.1610087,0.59042233,0.21576704,0.4832578,0.4089361,0.111015245,0.4080467,0.041828513,0.05407898,0.16305226,0.08761123,0.4262869,-0.100944765,0.2078742,0.15975702,0.011369236,-0.22319208,0.0144925285,0.3026546,0.17093217,0.5697382,0.30264753,0.03751821,0.3367068,0.063468754,0.4015556,0.20923921,0.14775576,0.3336094,-0.043408506,0.23490022,0.0034458912,0.2610194,-0.10802295,0.36261815,0.36869875,0.08878418,0.4554313,0.34173992,0.10771314,0.083718196,0.27521697,0.2206104,0.5416141,0.20497397,0.096497774,0.11834468,0.38701046,0.50009555,0.7340522,0.07277825,0.18706794,0.36413616,0.53914523,0.44670722,0.034133475,0.045737274,0.22968133,0.49622747,0.5115902,0.44010216,0.10637312,0.13509497,0.57350683,0.35130155,0.37481615,-0.05224189,0.26589713,0.29929453,0.77035683,0.15498102,0.22301823,0.2104647,0.23017928,0.27460462,0.17216003,0.37153777,0.27424055,0.45393813,0.117206484,0.17216003,-0.03431096,0.38159576,0.24971901,-0.1741381,0.35694078,0.24494284,0.23349577,0.28490338,0.5019895,0.35133082,0.16029106,0.47430015,0.016413748,0.11061609,0.45279655,0.21137781,0.28896478,0.47990385,0.18798634,0.26801375,0.2696668,0.23171884,0.10813126,0.28921595,0.02421294,0.53008735,0.40669912,0.14876324,0.07315223,0.23268287,0.35652393,0.24828668,0.29629263,0.23119101,0.4165741,0.12144346,0.2852114,0.30544993,0.27295405,0.083606645,0.34214145,0.2078742,0.4498538,0.12374412,0.13623193,0.45410934,0.56179065,0.06877705,0.26404014,0.15924005,0.10001001,0.30211395,0.39074972,0.3707976,0.22488135,0.079022706,0.15963857,0.28484485,0.4231824,0.34973654,0.30138385,0.30855376,0.4992264,0.6381919,0.22596335,-0.0671006,0.41325626,0.41543257,-0.112875305,0.2790971,0.022358034,0.24018925,1.1102391,0.42779395,0.34303442,0.12183951,0.36329916,0.3076033,0.43449202,0.4193128,0.34192583,0.1818007,0.24785529,0.15498102,-0.0226001,0.23171884,0.27617314,0.30075675,0.20621714,0.3904533,0.6072822,0.34273356,0.4238872,0.26211506,0.12431379,0.16508746,0.24511293,0.26330698,0.28024918,0.19425008,0.3428251,-0.24192838,0.22640699,0.17620698,0.1751575,0.48844364,0.5894135,0.12414705,-0.012673855,0.2203839,0.36130106,0.24305256,0.26002482,0.18099453,0.36420366,0.2655193,0.30706805,-0.050504785,-0.10802295,0.55850095,0.30976018,0.35225004,0.2735926,0.3269752,0.25578344,0.21343748,0.47526073,0.56449527,0.13535197,0.082739346,0.34741557,0.054730292,0.31376693,0.31065398,0.007850444,0.14980583,0.07820368,0.46067053,0.2031977,0.40747002,0.26105595,0.41090527,0.18369693,0.079715595,0.24642397,-0.18270688,0.42138526,0.3467028,0.27864653,-0.013674544,0.32163367,0.2206104,0.46457922,0.40002823,0.21466294,0.12376254,0.44163197,0.012713921,0.26011378,0.05026201,-0.16480914,0.05407898,0.6225252,0.7021172,0.15614718,0.49979636,0.4399264,0.27637753,0.36158744,0.49467447,0.31800947,-0.045102544,0.016413748,0.37053388,0.24212241,0.2901752,0.25320777,0.4072239,0.534889,0.41953865,0.052533913,0.43087134,0.28470254,0.13555698,0.21149805,0.32898754,0.6484944,0.30784777,-0.13090803,0.31541696,0.55209476,0.31896627,0.46745303,0.5786686,0.31111842,0.39034352,0.27460462,0.28224993,0.30272412,0.22048135,0.1802557,0.22723572,0.37525946,0.15841568,0.199206,0.121825285,0.4362924,0.34010556,0.32422167,0.24644168,0.058675133,0.026112415,0.018992532,0.3871462,0.19710727,0.5043978,0.21116999,0.16915266,0.43715996,0.32720128,0.28891647,0.13347223,0.2308365,0.34536523,0.20901501,0.4047527,0.2049856,0.26195496,-0.17568882,0.47776383,0.34884608,0.18008621,0.3120391,0.20268273,0.10615403,0.28427884,0.27658778,0.55008405,0.14547442,0.26199126,0.5425598,0.0754107,0.17380172,-0.22936846,0.1376286,0.07426559,0.3396949,0.2170014,0.48844364,0.5277202,0.10371506,0.00868042,0.22391325,0.4416671,0.34827644,-0.13053325,0.27499703,0.447158,0.39432085,0.047784794,0.24145165,0.14771989,0.3481243,0.35248584,0.13225386,0.10899469,0.36838984,0.27490175,0.43682718,0.4288809,0.18629871
-0.3218071,-0.9839906,-0.4418561,-0.3863169,0.05961323,-1.3907636,-1.1570096,-0.7785741,-0.22239481,-1.0355092,-0.8719136,-0.20684883,-0.6740863,-1.1303207,-0.081400216,-0.48638555,-1.3246677,-0.55910426,-0.8555756,0.002641141,-1.0231534,-1.3913635,-0.076941185,0.005782379,-0.03914527,-0.101255596,-1.0153643,-0.19903544,-0.2994208,-0.85340214,-0.3973212,-0.19755943,-0.21501403,-0.13459985,-1.0059646,-1.4849348,-0.7405042,-0.3611359,-0.72709155,-0.1101856,-0.3423448,-0.31506684,-2.0483005,-0.06664204,-0.06735925,-0.18598866,-0.12731755,-0.6201988,-0.63051224,-0.4914198,-0.13906778,-1.3426889,-0.10974998,-0.76715815,-0.063416295,-1.5658526,0.06079472,-0.12647633,-0.2710626,-0.31128863,-0.8722927,-1.5544139,-0.22656864,-1.1013907,-0.952409,-0.5096385,-0.72131133,-0.971854,-0.72388893,-0.10229373,-0.07320761,-0.768554,-0.5945346,-1.5760804,-0.87335783,-0.044029154,-0.53931826,-0.090574354,0.0015748434,-0.46565306,-0.30531055,-0.92794526,-0.41677678,-0.20366877,-0.12349644,-0.1438564,-0.074101515,-0.37421837,-1.1845692,-0.74651873,-0.11203086,-0.93416363,-0.7764115,0.031072324,-0.76488423,-0.4040798,-1.0125252,-0.33204186,-0.28057185,-0.35081226,-0.51265424,-1.614114,-0.22639547,-0.7891907,-0.084566526,-0.26299018,-0.24489203,-0.8166078,-0.2485877,-0.61245686,-0.2893745,-0.30689475,-0.0715023,-0.9471666,-1.0522203,-0.46630508,-0.54155475,-0.8119944,-0.3545746,-1.49354,-0.2831811,-0.28700843,-1.2774497,-0.113493614,-0.21731067,-0.13935935,-0.4819296,-0.7390669,-0.31900486,-1.0603573,-0.053142253,-1.3217541,-0.24326237,-0.33175924,-0.49627116,0.090895526,-0.25619456,-0.42794737,-0.72307515,-0.019857315,-0.6651553,-0.76712227,-0.029958174,-0.4966155,-0.16696489,-0.2639853,-0.055778,-0.8014535,-0.12731755,0.020698681,-0.26682895,-0.032899965,-1.0158877,0.1045001,-0.7341514,-0.69893456,-0.40047246,-0.3073743,-0.28771445,-0.33422363,-0.20720765,-0.13822189,-0.1041786,-0.08098644,-1.0335356,-0.23857717,-0.089939035,-0.12299792,-0.08483718,-0.2512125,-0.05091948,-0.2518833,-0.44855106,-0.3184965,-1.3926889,-0.66175056,-1.4522296,0.0884311,-1.0670471,-0.5081447,-0.5519064,-2.1641097,-0.048124276,-0.077631794,0.1045001,-1.674788,-0.30662787,-0.29976797,-0.79973865,-0.39872786,-0.19787897,-0.6411668,-1.0204535,-0.023669075,-0.77085745,-0.34206116,0.045862943,-0.6418314,-0.072144456,-0.34069493,-0.52147955,-0.6879413,-0.5408976,-0.35770664,-0.2310828,-1.1419849,-0.11005312,-0.4715651,-0.22719736,-0.0067270296,-0.094812654,-0.25132075,-1.4553263,-0.4109689,-0.20148765,-0.8833557,-0.18680222,-0.83585984,-0.26557398,-0.14472252,-0.7204069,-0.19675101,-1.6076287,-0.34883502,-0.24090485,-0.21984494,-1.2961476,-1.2879584,-0.3748482,-0.01369729,-1.3344674,-0.28258586,-0.081570104,-0.20395449,-0.15800525,-1.1419849,-0.31644544,-0.04600575,-0.310818,-0.40552807,-0.17534445,-0.7832327,-0.6113647,-0.71717316,-1.4126965,-0.8699512,-0.3196065,-0.76019204,-0.11520391,-0.10708546,-0.21321069,-0.21373774,-0.48458803,-0.6202168,-0.162361,-0.03711764,-0.32812715,-0.20559056,-1.0158877,-0.12034796,0.01647203,-0.45125017,-0.76723754,-0.09571598,-0.29148552,-0.5315816,-0.2582612,-0.50726813,-0.8409584,-1.2483186,-0.23270635,-0.2999292,-1.0261108,0.19292206,-0.033123173,-0.18931268,-0.13189438,-0.46412224,-0.8555756,-0.2783064,-0.19911993,-0.071680985,-0.047605615,-0.13450351,-0.74025965,-0.13367173,-0.04763195,-1.1337559,-1.2389089,-1.0422462,-0.2795511,-0.38287398,-0.10149464,-1.5183512,-0.10756091,-0.19848436,-0.25966525,-1.4084867,-0.29834065,-0.123390175,-0.23754144,-0.11527892,-1.0139385,-0.7346742,-0.29129988,-0.22109479,-0.072144456,-0.39356625,-0.020340558,0.009189242,-1.4126965,-0.024447218,-0.6742134,-1.6338365,-0.14094149,-0.053651944,-0.091906406,-0.12925254,-0.55910426,0.08107703,-0.21674208,-1.3936563,-0.24961963,-0.74897194,-0.27731603,-0.11475972,-0.13206424,-0.106620654,-0.65653247,-0.5242208,-0.068546996,-0.24251097,-0.22557667,-0.4401831,-1.608467,-0.3288389,-0.074079975,-0.5328773,-0.6246418,-0.7821511,-0.58111256,-1.2087255,-0.7268695,-0.04452996,-0.20047697,-0.07605034,-1.4816781,-1.1593138,-1.237215,-1.0201349,-0.37721106,-0.26365858,-0.4057716,0.087290555,-0.0022677113,-0.5360429,0.0381936,-1.3224276,-0.16959247,-1.2531012,-0.8349554,-0.13235828,-0.29521745,0.024538146,-0.22272134,-0.21259995,-0.67867035,-0.12523413,-0.28937742,-0.7511501,-0.3087733,-0.14535387,-0.24456094,-0.12930405,-1.302957,-0.16473368,0.018015169,0.02240814,-1.2374432,-0.14934206,-0.77452946,-1.0676247,-1.4491277,-0.6810229,-0.11502555,-0.584087,-0.28039613,-0.073519714,-0.025808375,-0.8101967,0.16234788,-0.24236943,-0.74025965,-0.8699512,-0.24125162,-0.15967256,-0.31750667,-0.27968,-0.8833557,-0.6888043,-0.3636487,-0.29779312,-1.7576429,-0.5776153,-0.7821511,-0.1314747,-1.3177696,-0.7027745,-0.14853087,-0.5758776,-0.2316068,-1.0703111,-0.1038236,-0.32093444,-0.41854876,-1.0161883,-0.34336743,-0.53205985,-0.3128936,0.028662745,-0.59468305,-0.31929308,-0.28188002,-1.0051142,-0.56305444,-0.05931956,-0.5366018,-0.11527892,-0.9152002,-0.518292,-0.9203454,-0.92731565,-0.16457495,-0.14597957,-1.1140273,-0.6677332,-0.17520463,-0.44835594,-0.09477135,-1.9245993,-1.0349088,-1.2504354,-0.7420266,-1.5653706,-0.5986577,-0.16830178,-0.64252603,-0.070598155,-0.06744807,-0.6184344,-0.83409476,-1.44303,-0.2004754,-0.77090883,-0.84651846,-0.5303449,-0.06870219,-0.1495212,-0.46077603,-0.14665823,-0.42046303,-0.31479996,-0.1477125,-0.11515685,-0.56369984,-0.5443256,-0.13587922,-0.2521827,-0.35109487,-0.8654535,-0.4615658,-0.7511,-0.34517524,-0.22117263,-0.10526548,-0.14329347,-0.60408163,-1.4663308,-0.06796561,-0.05825958,-0.33078748,-1.6509569,-1.5441254,-0.5448292,-1.5008817,-0.17554094,-0.59553385,-0.053628106,-1.5218253,-0.5393926,-0.49152014,-0.36461064,-0.3088939,-0.434643,-0.08490576,-0.6201343,-0.20540713,-0.19339444,-0.23313852,-0.23466192,-0.64230806,-0.35943246,-0.03121844,-0.3536541,-0.3235283,-0.19368343,-0.48565236,-0.30116668,-0.16702153,-1.3269936,-0.23072402,-1.5218253,-0.26296753,-0.43991905,-0.5081447,-0.23497646,-1.1297487,-0.71717316,-1.0533676,-0.5042491,-1.0343859,-0.6449848,-0.9348773,-0.054999296,-0.31341556,-0.63051224,0.09088939,-1.5155522,-0.10442774,-0.10570977,-0.037993778,-0.12187968,-1.2906681,-0.59751034,-0.6946723,-0.20314111,-0.21435574,-0.38230306,0.085014835,-0.2925516,-0.9199096,-0.92921096,-0.008537965,-0.34009048,-0.36344153,-0.93310165,0.0069555617,-0.24368873,-0.2579382,-0.0928949,-0.54842365,-0.46700254,-0.19788814,-0.38683757,-0.81801784,-0.635561,-0.51817924,-0.28522652,-0.333758,-0.3545746,-0.5863137,-0.111765556,-0.46202168,-0.40711078,-0.73614585,-0.29292813,-0.26296753,-0.1591858,-0.16420358,-0.28765893,-0.58598113,-0.61012846,-0.62538457,-0.32277638,-0.026184566,-0.3774028,-0.32677397,-0.032276776,-0.8124673,-0.06497147,-0.6744023,-0.6145169,-0.10082417,-1.2774497,-0.92329556,-0.85464305,-0.7143974,-0.11527892,-0.27721822,-0.024570938,-0.3760481,-0.22071075,-0.7587591,-0.38863346,-0.19125745,-0.5946565,-0.32191646,-0.501475,-0.85163045,-1.1512696,-0.31657583,-0.1524149,0.006944944,0.024944495,-0.23802356,-0.8014535,-1.2214628,-0.4996404,-0.059233338,-0.29081982,-0.42281607,-0.06335344,-0.013199966,-0.09053126,-0.0017753625,-0.76639843,-0.32677397,-0.19525963,-0.4282638,-0.77241117,-0.05051922,-0.10745205,-0.0332482,-1.3344674,-0.55697554,-0.7554828,-0.43656144,-0.28525925,-0.29677242,-0.4972534,-0.08876247,-0.081739046,-0.14595836,-0.22898401,-0.58572096,-1.424995,-0.3170199,-0.30534723,-0.23262025,-0.9140113,-0.058708277,-0.35327467,-0.22981033,-0.08597337,-0.24090414,-0.294077,-0.24032938,-0.25711498,-0.7449693,-0.01941663,-0.18255362,-0.7503439,-0.48383972,-0.6313767,-0.09263266,-0.27227122,-0.2503807,-0.3621442,-1.9362279,-0.31073418,-0.36660436,-1.0761921,-0.330239,-2.041263,-0.18958968,-0.05358386,-0.8715262,-0.40553242,-0.8680042,-0.3545746,-1.3556428,-0.1495212,-0.21139017,-0.10442774,-0.28765893,-0.41364378,-0.7601348,-0.43715537,-1.4197155,-0.431734,-0.067976214,-1.5001197,-0.71959114,-0.4685079,-0.59751034,-0.16521321,-1.163912,-0.62570316,-0.7470823,-0.20733479,-0.291003,0.087290555,-0.62183917,-0.04672079,-0.26824975,0.013566506,-0.6531161,-0.37101194,-0.78875375,-0.1154376,-1.2521763,-0.8191959,-0.116056815,-0.7776161,-0.19094168,-0.78165466,-0.8408108,-0.9024081,-1.0570863,-0.31270337,-1.0767221,-0.110328555,-0.066235036,-0.084494665,-1.6259377,-0.08007153,-0.29789895,-0.82207614,-0.6740863,0.005026676,-0.64778554,-1.534181,-1.2060251,-0.18569458,-0.10668223,-1.3241451,-0.5831717,-0.2565242,-0.18569458,-0.33664626,-0.4658867,-0.35472286,-0.2158126,-0.52011925,-0.7155828,-0.33407596,-0.104861945,-1.0543888,-0.41769883,-0.93108135,-0.0820277,-0.37918672,-1.1931292,-0.11629046,-0.6310499,-0.27622053,-0.14756748,-0.29302427,0.06021511,-0.40843135,-0.43882933,-0.80770004,-0.31072772,-1.0000373,-0.07323644,-0.21425623,-0.821821,0.027985595,-0.8231206,-0.074289136,-0.17985074,-0.032558013,-1.6665251,-1.5213299,-0.66087663,-0.15686418,-0.34101713,-1.3906448,-0.6666276,-0.2889794,-1.0761921,-0.1976542,-0.24456094,-1.1426332,-0.9103163,-1.1517808,-1.3733139,-0.99907637,-0.1843497,-0.8310674,-0.26148057,-0.110357195,0.009908457,-0.013199966,-0.4018669,-0.2253379,-0.5577601,-1.0098194,-0.28204513,-0.07004981,-0.20464784,-0.5159603,-1.4219071,-0.018518083,-0.1925738,0.06392471,-0.40268287,-0.32331425,-1.1201553,-1.3321652,-0.22393101,-0.6759756,-0.16847576,-0.18015233,-0.19693993,-0.23078352,-0.79949474,0.020959396,-0.85163045,-0.25095475,-1.3831434,-0.5878957,-0.6740863,-0.724807,-0.43882933,-0.018893737,-0.21241589,-0.076736465,-0.10082417,-0.20314111,-0.04492338,-0.23731351,-0.20347701,-0.09071463,-0.15508127,-1.2223324,-0.04396237,-0.8321928,0.033615883,-0.5493779,-0.075389475,-0.14805737,-0.78463256,-1.2622719,-0.4828011,-0.16806804,-0.2559321,-1.2522007,-0.6035858,-0.59065384,-1.426082,-1.2949847,-0.2770333,-0.13601795,-1.4491277,-0.19773921,-1.1913716,-1.5001197,-0.37409264,-0.07487882,-0.22091763,-0.17389706,-0.32555947,-0.97880137,-0.3813975,-0.19538912,-0.4068894,-0.42850918,0.036757067,-0.01993407,-0.15317307,-0.49663484,-0.3283202,-0.25961623,-0.1446372,-0.29780507,-1.182134,-0.32885945,-0.8816704,0.01998972,0.0067593222,-0.03441291,-0.7383815,-1.2214628,-0.40492058,-0.17081852,-0.020696754,-7.802341e-05,-0.058663994,-0.12356818,-0.291003,-0.24564455,-0.70840836,-0.6192509,-0.28054184,-0.39808306,-0.7813239,-0.6617962,-0.29540604,-1.8341686,-0.2503807,-0.3015071,-0.7781084,-0.08873722,-0.38788214,-0.18598866,0.02225802,-0.29199433,-0.26242653,-0.15216771,-0.08977399,-0.37918672,-0.49743026,-0.4891974,-0.19062126,0.08351244,-0.09089103,-0.31424513,-1.0229393,-0.26112685,-0.036422797,-0.95103514,-0.23640098,-1.7847716,-0.6772845,-0.61245686,-0.059808586,-0.96734524,-0.21916704,-1.2755936,-1.6582761,-0.4811013,0.008732701,-0.16000147,-0.5384283,-1.2060251,-0.63145024,-0.14408937,-0.16437872,-0.6112819,-1.7472332,-1.0752012,-1.2884828,0.017335769,-0.2798341,-0.06748784,-0.39734027,-0.5407282,-0.40374318,-1.5121778,-1.0198947,-0.9297066,-0.79473215,-0.21135269,-0.25489444,0.058770634,-0.2780253,-0.99578977,-0.8822885,-0.6635384,-0.2321769,-0.15870056,-0.59731084,-0.21464115,-0.23616228,-0.19950683,-0.8069456,-0.2225472,-0.20960379,-0.16751648,-0.47390285,-0.44801039,-0.012313277,-0.088692166,-0.23908736,-0.20733768,-0.8099303,-0.17079563,-1.1527679,-0.07548618,-0.09782653,-0.68386906,-0.19853,-0.35988745,-0.16967008,-0.98726016,-0.6342693,-0.4828011,-0.2770129,-0.19612227,-0.62710094,-0.22898401,-0.9322684,-0.10968786,-1.3488214,-1.3420795,-0.2941358,-0.46393293,-0.52107376,-0.31126404,-0.18234259,-1.0349222,-0.47668052,-0.7915852,-0.7391612,-0.7687391,-0.09037937,-0.3359103,-0.7575638,-0.5600964
0.33143413,0.49285614,0.27536142,0.38888043,0.3552271,0.39094546,0.37022096,0.34131473,0.13226911,0.4817288,0.26184046,0.21434554,0.7637927,0.24216805,0.27091354,0.6241151,0.2830599,0.29057813,0.29456648,0.34250396,0.43388775,0.49385846,0.4308106,0.3322433,0.41037938,0.18086135,0.51987135,0.37875047,0.6167566,0.41546798,0.25593373,0.35911134,0.38079584,0.23356625,0.2035435,0.3455234,0.37849292,0.23541804,0.45984793,0.51235056,0.30194387,0.35578868,0.23366156,0.23121698,0.2963837,0.28024107,0.29265618,0.37738138,0.20986165,0.41678742,0.51931775,0.20122889,0.29883778,0.49816424,0.4997866,0.62114656,0.39217013,0.41707355,0.35017696,0.21535286,0.36693844,0.16776273,0.13635549,0.3090395,0.40766343,0.08023887,0.4600039,0.2846188,0.2602588,0.29443705,0.4586468,0.34382102,0.9431686,0.28585073,0.25704575,0.35615197,0.086498454,0.3007607,0.3496392,0.19377902,0.19666183,0.2388918,-0.06591995,0.6639552,0.3110812,0.5758109,0.3318563,0.75714284,0.35775396,0.19980606,0.21785274,0.38862544,0.2614524,0.16694887,0.4314987,0.44679826,0.66601527,0.17780508,0.51735723,0.2578886,0.31703103,0.15722543,0.22419745,0.24980476,0.28854012,0.24727327,0.44819143,0.27169436,0.21735528,0.17738779,0.13005465,0.53757554,0.26179895,0.30187553,0.3172577,0.3135135,0.39510715,0.30488563,0.47755554,0.3121721,0.20416233,0.30651388,0.25417876,0.46454313,0.35215566,0.3723669,0.25187966,0.3714547,0.23551221,0.61314595,0.24199712,0.38747197,0.2871873,0.19923723,0.27679038,0.4472976,0.17517215,0.17387134,0.64391,0.29999897,0.4947206,0.32619506,0.306353,0.66791135,0.31804726,0.4936396,0.3802632,0.5155585,0.29265618,0.58533394,0.4307501,0.41029382,0.44498956,0.21808289,0.2767075,0.1526964,0.19881806,0.41992554,0.3848647,0.18344657,0.25388992,0.42734572,0.48051584,0.36320248,0.15619054,0.39942363,0.40256542,0.48943695,0.430474,0.39500692,0.4609945,0.4935638,0.3107527,0.2455877,0.36308146,0.4882667,0.16383597,0.28971907,0.12163675,0.5518891,0.4490731,0.16605583,0.25342906,0.39844397,0.21808289,0.20482302,0.36678207,0.4133148,0.14326271,0.47489533,0.31346458,0.36546576,0.53843206,0.3115697,0.45400426,0.26875824,0.56116915,0.3094251,0.374058,0.31684062,0.46819958,0.310171,0.47044653,0.39372763,0.31313935,0.54072267,0.35478765,0.83971053,0.42121208,0.40842044,0.35788825,0.41097218,0.046070237,0.25119042,0.47758266,0.17484358,0.31200558,0.29466897,0.45560625,0.47781393,0.5730043,0.6291163,0.18226156,0.47798482,0.48469815,0.28837645,0.24952216,0.31037128,0.2680754,0.5432855,0.41242367,0.32400888,0.28443035,0.123562135,0.21999808,0.54072267,0.2577185,0.49776334,0.86927766,0.51909524,0.36077583,0.33057678,0.312874,0.18223605,0.3120377,0.32797366,0.52598745,0.24606368,0.4024307,0.51557493,0.41237783,0.5203439,0.4342822,0.112243325,0.46513313,0.20698771,0.33546576,0.65987,0.44498956,0.5679962,0.7361112,0.36325538,0.57320935,0.6040817,0.30092308,0.34196174,0.22851682,0.20102082,0.5250721,0.36911306,0.3070335,0.24751608,0.38600403,0.1915269,0.5591334,0.2841418,0.2436237,0.25557587,0.29456648,0.35360843,0.52624834,0.29470515,0.31399357,0.5962456,0.4098925,0.50250727,0.24944763,0.20738178,0.5631842,0.3845914,0.17123275,0.31260931,0.20056123,0.20387472,0.28386623,0.24312428,0.43323603,0.2998905,0.2500481,0.1549901,0.3142245,0.26970452,0.23096965,0.49044085,0.29913828,0.27714333,0.374058,0.4159125,0.25056192,0.30747688,0.3120377,0.48770332,0.092100084,0.24982503,0.2877989,0.22784288,0.27083486,0.35642025,0.29057813,0.45854518,0.31043848,0.13775869,0.38501316,0.52503943,0.18567845,0.506262,0.4775664,0.52379286,0.19610366,0.24666104,0.4990403,0.50088555,0.2724514,0.41945776,0.1918292,0.087994464,0.34693208,0.40836173,0.6405271,0.3772406,0.27467313,0.29415756,0.5078423,0.19635157,0.31922242,0.3443991,0.4949089,0.33660588,0.2290225,0.1128188,0.16318169,0.5028867,0.61477697,0.21252419,0.3226211,0.54853886,0.39439887,0.55771357,0.31903297,0.3713766,0.36945426,0.42872736,0.50083447,0.5253163,0.4082016,0.4758382,0.47866943,0.4167315,0.5208865,0.33154872,0.48579884,0.253949,0.6884244,0.29323897,0.2671618,0.42753294,0.16760556,0.44033155,0.21449304,0.5131937,0.22240026,0.26065537,0.25493544,0.2926193,0.23900267,0.42015374,0.30768946,0.46782598,0.29992098,0.5906856,0.2100234,0.20353101,0.4098925,0.32797366,0.2519618,0.45147485,0.13247418,0.50247175,0.17484358,0.430603,0.5782134,0.69690394,0.23190916,0.35942855,0.3772406,0.2739606,0.31372973,0.2520937,0.25293785,0.19234799,0.6088834,0.6286874,0.27422914,0.15864247,0.28004524,0.344767,0.4301557,0.41354337,0.35187155,0.29238573,0.39715424,0.3381813,0.24552684,0.33782688,0.31036392,0.32532686,0.63139915,0.26970452,0.3987151,0.5776059,0.608819,0.49941698,0.36499703,0.5082486,0.3735621,0.4177666,0.48432174,0.40632632,0.5897712,0.2346479,0.40187743,0.26383057,0.2908362,0.13949296,0.20167196,0.25123772,0.028165078,0.4037005,0.32481772,0.14581634,0.24763902,0.12549959,0.46544552,0.22645508,0.009958751,0.1775687,0.262728,0.46772915,0.27157494,0.42108572,1.0678642,0.33500427,0.46093357,0.5145944,0.33288118,0.3150306,0.44172093,0.13438712,0.46710628,0.22658172,0.51458514,0.31199247,0.41991907,0.3389521,0.27296552,0.5413517,0.38031277,0.26780865,0.22164209,0.5089926,0.5727237,0.28469452,0.1785166,0.47344145,0.57740605,0.23676659,0.21980722,0.101369224,0.26249227,0.5811142,0.2956195,0.33648983,0.38877046,0.19755214,0.44870737,0.2238942,0.5266764,0.5795689,0.21897113,0.5412139,0.25834903,0.5263064,0.43859857,0.32964802,0.33895013,0.40265468,0.38943708,0.14307208,0.6021782,0.18192461,0.61482286,0.26249227,0.2182183,0.45458943,0.5518891,0.24980955,0.52051413,0.18223605,0.2569179,0.577686,0.40931812,0.47951856,0.1771093,0.6170446,0.25373933,0.20986165,0.27714413,0.40726227,0.33890066,0.38886276,0.44863874,0.27869564,0.18387248,0.2552511,0.2556392,0.5908412,0.26142782,0.019189142,0.36272252,0.29996017,0.14723943,0.3263846,0.36272526,0.27860937,0.2713929,0.56790537,0.51856387,0.30055603,0.4552182,0.36447185,0.38024855,0.4846245,0.2480627,0.18731448,0.41600892,0.4998277,0.4931366,0.48629785,0.34465197,0.47755554,0.3851394,0.21767165,0.22523417,0.4053792,0.68051815,0.43274426,0.2182183,0.4418564,0.15096109,0.39174786,0.43429288,0.07719283,0.47719643,0.36138758,0.62541,0.39813858,0.49558228,0.2872549,0.53075904,0.25622362,0.43119878,0.44730616,0.31954637,0.25417876,-0.0682444,0.1362865,0.27516314,0.26970452,0.34250996,0.2412203,0.43238065,0.32059228,0.17367767,0.51526064,0.4386704,0.53284454,0.35043058,0.6727111,0.44491318,0.3830568,0.30728787,0.65476453,0.30854523,0.42064437,0.3282309,0.5155585,0.29559135,0.45342898,0.28937584,0.22816092,0.39784506,0.32110608,0.399389,0.45424506,0.25679642,0.52662796,0.49558228,0.89166903,0.32019198,0.060712405,0.44110405,0.26970404,0.24117433,0.41242367,0.22315443,0.20311312,0.25409782,0.32702208,0.5089673,0.3984675,0.44617897,0.45680642,0.6376275,0.35069904,0.42340687,0.22438744,0.32961828,0.51530915,0.4162962,0.6091177,0.24488159,0.37579596,0.34572887,0.2895328,0.26591903,0.41899857,0.16827549,0.44716483,0.15286954,0.4209775,0.41628945,0.22606222,0.5533887,0.29379594,0.36715463,0.4991276,0.15457772,0.44000873,0.27417523,0.49992725,0.35108656,0.29593822,0.2415288,0.0014913045,0.38206273,0.75885606,0.30202603,0.22024071,0.38370124,0.47755554,0.4838218,0.46772915,0.5148586,0.33890066,0.39174786,0.19855851,0.490321,0.39151138,0.17433417,0.31722912,0.32206973,0.025467541,0.29900637,0.3348592,0.2552511,0.261982,0.22590004,0.3862438,0.61093724,0.6647033,0.27107832,0.21252419,0.25728267,0.4717602,0.37193027,0.46136138,0.29351574,0.2312866,0.26055488,0.25865155,0.29477468,0.25402135,0.4827898,0.48454258,0.4172562,0.35783094,0.564629,0.591764,0.38061595,0.34124202,0.6155799,0.55890554,0.47724748,0.111808896,0.3416039,0.44866762,0.18860532,0.0863639,0.7637927,0.35004023,0.39397186,0.46635318,0.5069264,0.6373737,0.18048552,0.35701722,0.2078603,0.36649984,0.6373737,0.35525903,0.75449735,0.24654064,0.27250054,0.31180182,0.60849786,0.16070977,0.37421894,0.48780465,0.5192347,0.2982519,0.21259591,0.23934141,0.24284232,0.20545436,0.2663617,0.27880988,0.21724649,0.4033059,0.30957264,0.4207107,0.48259637,0.25272647,0.22933508,0.4906439,0.3564491,0.160684,0.23483756,0.5729957,0.08568275,0.20766962,0.4830653,0.2593287,0.20672825,0.1775038,0.41107252,0.32713583,0.57320714,0.59353715,0.29491132,0.21087852,0.29593822,0.27753595,0.6884244,0.5560795,0.43385231,0.31485236,0.6949389,0.33995745,0.3976272,0.32498664,0.5594242,0.41268244,0.3272824,0.399389,0.2602424,0.6078496,0.41584608,0.16666266,0.4193122,0.3051008,0.3032432,0.32279554,0.5297444,0.4756888,0.19814278,0.19295995,0.25463375,0.39068508,0.3639839,0.17557149,0.38056454,0.36685407,0.28443235,0.43511343,0.59388065,0.2992865,0.40303892,0.45149672,0.44491318,0.28286627,0.1047739,0.5946645,0.7637927,0.22349302,0.48259637,0.24876274,-0.0038153136,0.6417268,0.31954637,0.5908412,0.2844989,0.43734995,0.41223738,0.25209543,0.48653576,0.48050168,0.3438167,0.2781514,0.2674348,0.5070586,0.2702731,0.23354648,0.25010514,0.4018455,0.44946852,0.26305035,0.26155046,0.39051098,0.41260266,0.2737216,0.17807348,0.3964731,0.298265,0.35423568,0.25493544,0.22107995,0.4170898,0.025467541,0.43610466,0.5103226,0.31770447,0.44248566,0.43798706,0.41336548,0.24866335,0.51994723,0.14939032,0.41899493,0.23201267,0.27524945,0.428124,0.2454279,0.36828592,0.55276877,0.3417061,0.31271046,0.44965824,0.9416729,0.2563761,0.4245443,0.49137735,0.39974833,0.23484695,0.29559135,0.32644564,0.42749593,0.24579409,0.4284437,0.19694856,0.38251606,0.27107832,0.4956342,0.38147148,0.61744994,0.38268265,0.24437875,-0.048985105,0.1205605,0.37420428,0.23302771,0.15457772,0.19618991,0.31439131,0.38464558,0.07957426,0.28024107,0.5397752,0.5995915,0.13517974,0.29381925,0.35368374,0.23934141,0.40156132,0.1978259,0.36749008,0.44340926,0.5096182,0.29460192,0.53492814,0.11833769,0.526043,0.3013544,0.44094303,0.29028663,0.8030906,0.17738779,0.3782198,0.25401974,0.23149788,0.3860242,0.36738762,0.3732033,0.15968385,0.39688244,0.24692895,0.5069264,0.45049953,0.2088677,0.35059232,0.37376004,0.19374819,0.35372224,0.30295008,0.4494382,0.2905896,0.61584324,0.39314738,0.3452805,0.33728394,0.29534546,0.19174173,0.41600212,0.38772756,0.27681956,0.16330887,0.37906578,0.35441822,0.26493612,0.16850302,0.714226,0.3307636,0.49198845,0.60628074,0.28357154,0.3983756,0.513553,0.64054126,0.24597357,0.1553217,0.2503761,0.18776245,0.48716938,0.51128495,0.1254213,0.76681125,0.29023555,0.3903192,0.48230463,0.52397543,0.6493258,0.44156617,0.44025937,0.4167903,0.21405251,0.3149794,0.15896775,0.31285194,0.44946852,0.47510213,0.43777022,0.5279699,0.35069904,0.20436718,0.47920918,0.6321386,0.6835077,0.16668181,0.31956947,0.34865972,0.46715146,0.45216691,0.39348242,0.17508915,0.50209594,0.32625052,0.32586566,0.4421422,0.42993504,0.20316534,0.5470811
